18.16814390387501
11.778957584256604
2.3055719943950805
25.693711863720523
15.837893485108143
23.18778182748394
29.973245858417112
5.274580548429979
61.06101649664165
7.648547094158646
9.937981399537854
4.6842127885605604
14.26797922486156
0.6576732497921245
5.600178247197015
17.409902158316175
32.82580549988167
5.338912686178634
24.74159673816368
14.545080149275663
5.937184031142723
7.45940456858098
42.88666711524994
7.769516640979262
4.1764272100587
2.2180976099341847
19.48692159987936
4.246709826138345
3.098805837665445
0.16671051627168
35.93087468392875
4.084491235273597
2.980702089122691
12.909830752095926
5.126706180026543
10.323424925891965
13.350553813363392
2.0241371437244062
13.548524615231111
16.384126550411864
16.74316725958945
4.619904561078609
4.350720469663223
15.345471017945258
15.401386610053603
43.03339093332209
25.76131257845189
0.2009495364797161
5.960609368136151
20.84721728816464
28.66928213920064
10.885503172588349
10.885837823118115
25.088034961714857
43.14187008904139
7.1296089400075155
0.8452990905744706
30.770540047415107
15.290030961031457
1.0931394239917749
9.065529206254523
9.804696962599797
10.913784961745796
0.8759590994677101
25.479039491316527
20.981366591802875
1.062590717151153
8.520989791209646
0.8753652210728989
10.075482466669655
45.73639824076316
8.445321241847534
6.736483452591533
28.88878693893742
1.7627955624550184
12.265173083956778
25.508222600394213
0.30877562936816033
4.155276734247784
39.45562391734964
12.050057508450111
13.187130037656912
9.967521137950158
8.001242453829489
20.40797899447119
7.927856996310426
3.798551528635797
2.2760163240466205
2.0811128634143214
4.496022804896286
5.805979465009482
11.20212754985592
7.600693307763136
23.218645143397467
45.42976363238172
26.55299333044763
12.095248091344214
17.83931805878178
4.724738694117122
24.008425618876686
8.013635762879513
19.127331818380455
2.3822358154150605
24.947482910255175
12.608673696650802
3.1699739423988236
17.237587969445684
12.736313851643216
1.898176012576882
4.351834123638242
22.642755165317478
16.826638776496022
32.46947850853392
40.1490601787797
18.18944673521738
2.754588200178207
17.77336296777096
26.13732948754898
1.617400657353292
17.988176697208747
6.20378514919365
13.820696464369673
2.2091260717571175
8.110615325830194
6.5653035392435735
1.8104783062318293
3.2786149385578054
32.6999899050331
10.197319415844332
27.189719902777444
16.011767609890338
2.7451563389969103
28.84251492842969
21.30810150618848
3.6880936275258427
4.381521812098728
4.600532494696035
3.3775920453631407
20.820801827983384
5.993073533988942
0.16784446329848296
11.583137559963484
13.040096139861216
22.087176639911668
11.451062526320237
3.3176174119022637
25.908655520413348
1.044126626784312
19.683569481183063
34.004371028995834
3.9412524290455786
15.067568044769812
3.9017284487327375
43.25770846521651
35.14363569703907
16.706145764922063
4.673627361641092
13.601007071466666
9.859481340885587
3.188569041709726
42.1959362450371
9.509845535183384
6.059085487429485
8.383494811076718
20.127352719463765
3.7389781836456013
28.894086065702115
46.499144948328215
5.135585633796906
9.209208998584206
4.579119092392447
4.82949192911629
29.25812680156663
1.1702042624638045
21.43849804978277
33.245274662862116
14.850930997135096
35.50841846992372
7.315750878397247
0.8075359961909829
14.797603095416807
14.887771959574431
5.783993797291217
18.45948624420449
51.22519843282267
18.036276543767883
10.419939704348636
14.617220230197164
12.127798920324981
49.937470634354
13.3518617553963
9.710100779314214
1.8292349377251553
10.628293112156577
22.34870858581836
1.1893422429285803
18.63780503951824
38.634853630314026
6.419097230686981
2.383436677557478
0.5572247401049351
2.0151184406683664
3.031446361247771
4.34015422944998
5.589036817557707
4.568472671846561
10.1028932998046
8.307664378247447
15.25272290275754
3.3370942903200183
51.211240202022026
6.4746882796862115
8.17072038145043
2.081731894882299
27.43291490638003
17.860769922280806
7.164870321461892
40.65887546437516
8.343833044446463
4.269597899755414
36.55244359760607
45.43699760073538
25.330308719719994
26.67481912559085
7.2812490939640915
60.113496440233426
12.560145690986642
16.642960681792143
1.0815298872419887
12.514033318041992
17.66364196039806
2.9032520097617467
21.302423167811668
10.868782234740097
2.755202539766211
0.3187802733537023
34.191307230794415
5.761909550431558
1.9743014030783848
6.897904179208556
3.4881110298612077
6.8735619985956085
24.503928595238843
2.266918545680817
1.7521436877559151
13.368969698332474
13.632811536773382
9.079575287669721
38.889765750037164
21.746143828127042
30.06732962675442
20.254790271495022
11.555207623786126
1.5491292947076087
3.870048914368413
3.9425046372143218
16.205320173770087
54.491462124390466
10.572606094720012
0.34057714915242066
13.650230626332007
0.10994810490695944
2.9127187027887285
14.1605020215742
4.536795153847114
7.577270544519583
7.1398426285979735
26.02051559499442
5.807342868129029
2.863043670103949
3.70847763164702
6.462153828766861
11.899828690423098
9.844842734978915
14.997839578183077
7.164657432998911
2.217853323042968
13.837003031996232
6.315562861352052
10.129274490330127
25.04732766641183
7.708777291579194
12.943978971172509
5.927534557601117
4.085127961905294
12.359186539410807
23.685527960381684
24.81006117383458
23.4298476755659
10.490500057499935
12.469568128531575
6.093100845589213
42.905007369613166
9.512509189915052
16.010977404712776
2.99070580609615
23.181994678497144
16.94747129845087
1.8988349581609256
3.506741446323212
