5.124646508130531
16.7261234859748
3.224596458129916
8.705296795369575
15.80060432594754
62.4853410387251
56.980590176425366
8.78272198264183
49.70895824338833
14.769520957061184
22.583618241312312
9.717000829521634
14.48895301045494
18.495943234868466
15.216335427228229
4.544339965275726
12.142489484270929
37.53811320238778
4.981787841239889
60.30106178000183
23.596016330254358
2.7795284750560723
12.446781334855546
1.479034825486132
35.96001924479447
6.988214356208587
25.65185299075793
18.686397717224942
16.970399982900506
30.75722224348464
5.376359851559801
13.57654928828003
47.11201198167716
12.663812432031275
12.284955966473653
4.227515507134913
22.903207956621788
48.625381883188176
29.793327572330945
40.39080421057449
15.631983623716792
11.323597908987441
6.470604638170815
98.58346069712034
4.660185905766974
32.332757741883576
13.55919395360779
22.23326377957439
10.946349669216978
27.4895984678886
15.279279331668674
10.981972082569506
21.340196013580705
13.6718330863797
10.200325621274311
18.929664845029645
8.705405846244203
9.044228172137164
74.33705365991587
47.80199092067996
79.57127364379093
43.39558884869445
6.706409891706714
27.967933036077657
35.90632446404847
0.23420161159892466
12.249987538329094
19.37448764957547
75.10008419519606
14.570949020820379
16.925383460609638
18.494980856327032
81.76066448556116
3.812192605248585
21.78252386849838
11.37184083681031
15.528935638278128
30.036575136739838
24.25047305336435
5.176699733048486
57.46604926941631
6.749907569442896
12.179903204438451
6.017703889505121
3.0673635697944537
13.127971521102687
9.576882306258883
31.875879925198543
7.271586594684416
3.4916138827602783
17.90537809433705
13.768006044918359
29.061904717063538
1.7772217125894278
1.5486466731096993
16.553362470147757
20.55769541151681
23.052998258556396
30.67996127783102
1.2253343918286452
24.12505787368881
2.5880853475906354
40.381946705469716
7.823957576109876
2.0223037961280204
64.28324714586999
1.8131897003177913
49.16939434741472
10.47910875443069
14.472831885085245
3.3092091628360167
2.897550999557934
2.1056027505267334
1.3967485139790068
49.15753404375947
45.51079023924487
45.78570137287423
9.590780131115574
4.851533548403269
63.5901575802477
10.138526530391367
12.375155054821832
66.21278401914998
48.737180809891576
9.671581076425992
2.6008911269849206
10.006625549518036
9.028072967076582
0.4064820254284952
12.105782608337044
20.95561212865274
11.91074026811316
5.268599422283354
29.792681167456653
38.02649227205675
1.9864057828562265
9.815895098486722
17.19202191526236
8.461487767809478
4.076272339906707
12.702553549853144
29.378650114490352
37.18125073674429
13.787235650244135
47.40660128124669
16.249214694891414
49.59394331542601
23.808015989661268
5.06015762055145
5.96435275277082
3.8261619660194164
92.69575924438317
28.511275097441654
8.917920568445087
2.2933095148743448
15.195865882703094
10.10364293448022
5.469343788991777
18.73498710297488
24.434404655093694
23.869340947645487
16.882829698800304
20.81970299127065
1.9177079271429185
11.579747640591359
21.752702076484326
0.5762930411346144
2.6722744608521505
2.127727702919734
84.03217323294704
0.4272873429476282
4.275885354102115
27.409569199349804
23.93729642844324
10.563104344716432
19.00358372037143
8.090000963487867
39.8419366922114
26.098288494300693
13.713212029847519
1.6986678027363273
9.877041276966743
13.750767207148872
10.528295817876145
80.12833780159397
9.057073288778385
7.953530373127012
31.151208972177084
6.087598937850946
69.82204864346755
7.939163457207194
6.874692958274949
1.8826684114432857
9.369882781119847
15.0339956183986
5.20385540680545
23.80947155728741
2.9468414145368103
24.697508536061274
16.031207494064848
30.079354945516204
28.543198875073987
7.460587973399461
28.392227553030807
46.249129387044015
6.48563073500436
3.974078349548209
84.09629092347934
17.237116998650446
6.1255869110406085
9.95707932798112
5.204642062476336
19.30284696935447
17.696813866574004
41.3129053438168
5.560401897946366
104.7129334160878
9.542865818056908
4.076560501009116
8.764204460031166
14.235775669159825
9.059988468496995
7.939937467513358
114.18181021167835
45.61202109822672
0.8722213483790184
5.6691024776188845
9.307912259297769
13.146314330015137
8.796347000252515
14.952454271369895
3.7148688717170963
1.8472615118310418
2.3496887809660407
46.6375056994756
3.335088036342144
7.242411462398747
0.8729134062312504
8.252304398976266
14.511788181078979
27.37978457111751
13.446227251537364
23.079581049223137
46.72108204073062
6.168305164866893
4.80194249032606
53.738646683805456
54.31464329119587
0.7825963763371211
70.16280591265436
23.719392154855512
5.4678870904863945
17.148617143178804
42.986285084327456
11.512998367923334
23.32524115166038
8.000962082197502
47.41504066461874
9.042289413686687
25.381873593964578
1.4544474753547094
1.2260284065810139
23.84006936200704
12.902092275688354
5.964242142827351
22.348783203810886
14.529904824126117
6.554616670821454
1.4450825273114858
6.236076557392972
0.747893882063936
66.9604681502108
37.407760643573475
10.495903820261717
23.715066940819778
0.405761151817852
6.222377981366202
36.70877768288428
1.8610648890750028
5.522673153292497
2.8139157776607684
2.1634076998076823
15.797467023577534
0.6461939689711713
4.77626783100294
10.614674192294718
40.45293966634579
18.495573247389277
9.57688038567137
6.62302226134575
2.5875285939145023
1.27162404526156
6.56588095515748
16.397861055413635
10.23259023845582
5.935275907805105
106.77163459616892
1.054008903210926
1.090081147231191
8.85737745472131
