0.850 
0.476 
3.016 
7.330 
0.956 
4.197 
0.951 
0.242 
3.259 
3.342 
10.956 
7.002 
1.746 
0.289 
3.514 
2.495 
1.823 
6.069 
1.440 
4.102 
8.803 
0.619 
6.377 
0.394 
3.517 
1.351 
7.333 
6.832 
17.956 
0.479 
8.436 
1.403 
1.130 
4.808 
2.528 
12.246 
3.237 
9.860 
0.282 
3.049 
1.078 
1.038 
9.927 
8.828 
16.311 
2.621 
1.075 
8.524 
5.665 
14.579 
3.924 
0.453 
4.059 
2.947 
3.425 
5.891 
1.738 
3.072 
0.789 
2.167 
9.226 
0.550 
4.293 
16.603 
3.226 
8.873 
1.106 
0.850 
0.620 
5.811 
0.250 
10.273 
0.636 
6.620 
2.230 
1.519 
16.522 
3.289 
23.085 
2.557 
4.119 
3.560 
3.856 
4.378 
0.732 
5.092 
1.212 
1.335 
10.089 
1.934 
8.563 
5.604 
7.104 
0.582 
2.272 
1.621 
2.878 
2.370 
1.234 
7.469 
8.894 
5.259 
8.227 
6.546 
12.889 
1.222 
1.299 
2.801 
0.288 
10.838 
2.134 
6.660 
3.044 
0.255 
1.079 
5.230 
17.517 
2.841 
7.085 
4.384 
1.012 
0.931 
3.376 
5.370 
2.491 
0.518 
0.589 
3.231 
0.688 
2.750 
3.688 
1.056 
1.023 
0.643 
13.661 
9.763 
2.188 
6.766 
3.692 
2.126 
1.961 
3.385 
0.940 
1.876 
2.908 
6.719 
0.987 
0.110 
1.685 
2.012 
15.429 
0.069 
1.626 
2.306 
0.330 
11.125 
6.780 
1.972 
1.094 
6.806 
0.906 
5.206 
10.389 
16.168 
4.239 
1.320 
23.280 
3.214 
1.341 
2.807 
3.417 
5.569 
1.001 
2.897 
8.599 
3.553 
0.951 
1.540 
9.882 
4.373 
0.766 
4.582 
4.462 
1.035 
1.535 
1.775 
5.184 
4.610 
0.726 
1.885 
3.053 
0.833 
6.837 
1.402 
6.894 
7.720 
1.193 
10.825 
3.319 
1.033 
3.171 
2.704 
4.664 
6.067 
2.291 
0.717 
0.572 
4.485 
10.919 
8.888 
1.876 
2.174 
2.752 
1.594 
2.583 
0.856 
2.043 
2.174 
3.947 
5.360 
1.279 
9.485 
0.999 
5.534 
5.125 
13.089 
1.893 
3.557 
0.849 
6.861 
10.744 
26.340 
0.197 
9.771 
3.650 
2.378 
15.196 
1.396 
1.772 
6.415 
2.528 
0.845 
1.844 
3.388 
9.261 
0.807 
0.444 
2.306 
7.154 
14.138 
1.632 
4.185 
29.375 
21.555 
0.587 
0.789 
1.151 
12.690 
3.013 
0.581 
1.649 
1.421 
4.616 
1.701 
0.007 
12.599 
0.497 
1.627 
2.017 
6.107 
0.582 
15.017 
0.486 
3.204 
1.976 
1.807 
14.344 
7.875 
1.634 
5.368 
10.995 
3.363 
4.101 
3.269 
7.148 
0.216 
2.907 
1.991 
2.302 
17.322 
6.738 
6.203 
1.730 
4.403 
0.071 
9.408 
3.419 
7.687 
2.589 
4.845