13.430 
6.808 
0.320 
49.324 
1.872 
5.728 
13.989 
8.321 
14.654 
0.863 
2.131 
7.884 
0.282 
6.586 
10.234 
2.114 
1.202 
4.513 
5.831 
2.692 
40.362 
3.767 
4.769 
5.210 
0.913 
9.361 
12.917 
0.468 
6.871 
2.613 
0.835 
1.434 
1.472 
1.370 
20.132 
4.545 
13.503 
0.116 
31.963 
2.543 
10.428 
42.376 
9.878 
7.949 
16.226 
38.964 
17.119 
3.930 
12.838 
5.791 
5.005 
6.047 
23.690 
14.942 
10.895 
20.084 
11.664 
12.347 
40.806 
1.643 
1.247 
5.545 
51.228 
4.792 
6.404 
28.775 
1.117 
5.735 
4.852 
10.506 
1.227 
6.060 
8.746 
0.982 
7.661 
6.672 
9.506 
14.441 
12.769 
1.200 
2.120 
15.451 
1.010 
12.118 
6.873 
52.283 
13.810 
0.861 
21.159 
1.232 
48.120 
9.560 
4.596 
29.771 
0.791 
1.770 
0.927 
2.591 
0.693 
8.917 
5.476 
8.489 
27.815 
7.517 
13.188 
25.369 
8.907 
33.727 
1.926 
15.997 
14.847 
4.375 
0.376 
0.970 
3.996 
39.487 
7.842 
0.106 
6.189 
4.137 
0.106 
0.314 
0.742 
25.352 
10.734 
14.061 
1.304 
4.331 
32.313 
10.595 
5.560 
51.207 
11.170 
14.561 
17.072 
26.206 
0.091 
11.769 
4.260 
0.578 
4.816 
2.441 
10.366 
3.411 
0.149 
7.162 
1.015 
4.448 
5.359 
2.780 
3.808 
18.683 
4.378 
4.491 
8.539 
1.074 
8.139 
9.927 
1.385 
3.200 
1.954 
44.032 
1.837 
26.801 
7.338 
11.243 
18.625 
4.146 
5.117 
4.866 
4.830 
2.110 
38.008 
2.265 
1.505 
27.452 
2.428 
1.414 
0.740 
8.316 
0.281 
8.973 
8.578 
0.150 
14.074 
11.214 
10.721 
8.990 
13.489 
6.556 
4.120 
46.078 
2.966 
8.631 
32.205 
3.672 
28.432 
2.329 
20.006 
7.181 
4.643 
18.603 
1.391 
1.084 
42.999 
22.356 
5.896 
25.156 
35.546 
10.993 
3.582 
3.410 
59.078 
6.729 
0.527 
9.641 
39.473 
4.753 
8.790 
36.736 
24.477 
2.195 
0.734 
3.055 
37.883 
11.660 
16.891 
0.092 
8.706 
25.086 
5.225 
3.831 
5.976 
9.246 
0.924 
0.203 
6.005 
5.407 
12.696 
7.003 
0.498 
15.218 
2.204 
2.044 
5.565 
26.642 
8.201 
1.811 
16.630 
12.715 
7.447 
8.394 
26.098 
15.258 
0.368 
4.317 
8.628 
51.425 
1.014 
31.048 
6.683 
14.155 
12.319 
20.112 
22.997 
27.177 
11.596 
9.257 
4.639 
27.847 
5.702 
8.152 
8.846 
9.211 
15.882 
15.407 
21.882 
6.239 
2.632 
12.538 
8.503 
9.156 
9.336 
14.754 
11.351 
0.143 
0.257 
2.388 
5.359 
9.803 
21.304 
14.675 
5.340 
1.605 
11.259 
3.639 
20.747 
34.767 
1.171 
11.758 