102.108 
3.819 
6.617 
48.184 
18.066 
4.097 
41.307 
22.029 
0.302 
38.120 
8.254 
35.570 
1.608 
15.311 
30.442 
19.292 
39.723 
8.781 
18.919 
14.258 
18.074 
69.159 
26.520 
33.306 
10.838 
3.861 
68.786 
25.303 
14.965 
5.801 
5.687 
9.703 
8.384 
2.913 
12.134 
29.083 
24.110 
40.541 
58.456 
5.895 
5.523 
52.122 
2.321 
9.171 
12.484 
8.126 
15.015 
0.137 
3.142 
24.170 
17.230 
1.216 
1.502 
17.055 
15.432 
8.463 
7.142 
26.639 
15.690 
4.166 
9.604 
8.978 
62.322 
2.465 
6.302 
3.182 
75.712 
12.432 
39.431 
34.526 
18.217 
43.444 
8.746 
22.568 
4.171 
1.299 
49.281 
104.019 
7.975 
1.769 
7.546 
15.390 
23.819 
7.487 
14.585 
12.345 
1.829 
24.685 
10.785 
7.703 
48.552 
49.729 
3.489 
0.680 
25.754 
17.911 
30.820 
67.928 
19.987 
28.748 
2.319 
14.250 
21.105 
5.253 
1.434 
32.336 
8.469 
6.481 
80.815 
13.217 
7.389 
4.056 
10.789 
19.740 
8.673 
8.699 
19.832 
5.091 
11.378 
0.384 
29.602 
43.010 
23.743 
36.020 
8.023 
19.180 
3.344 
36.394 
12.914 
40.394 
46.984 
16.809 
7.381 
3.475 
43.325 
8.668 
3.964 
0.327 
16.183 
0.214 
15.894 
0.686 
0.941 
14.902 
1.644 
5.871 
20.016 
10.353 
53.824 
5.168 
17.382 
30.482 
11.945 
10.235 
25.383 
14.417 
23.294 
25.965 
7.124 
29.565 
14.045 
20.360 
83.199 
51.818 
3.206 
29.055 
0.577 
24.111 
16.317 
1.053 
103.123 
47.315 
34.535 
3.088 
16.920 
5.029 
14.024 
4.842 
7.960 
35.529 
30.409 
18.156 
13.253 
45.269 
18.805 
39.179 
0.256 
3.611 
8.811 
5.625 
22.087 
4.500 
19.096 
17.611 
28.846 
0.340 
3.163 
1.868 
28.901 
2.561 
3.317 
21.160 
0.903 
5.637 
8.361 
17.135 
9.167 
6.505 
12.852 
34.494 
54.195 
2.965 
8.889 
5.074 
1.135 
20.923 
13.492 
6.102 
33.044 
20.554 
30.954 
7.650 
5.003 
34.840 
2.748 
15.016 
36.348 
3.708 
20.960 
21.246 
26.128 
37.202 
99.448 
17.484 
6.796 
60.781 
72.038 
8.934 
9.351 
17.591 
8.587 
46.647 
20.690 
70.617 
22.473 
29.259 
3.381 
25.398 
10.560 
19.995 
15.576 
11.519 
28.600 
8.841 
9.289 
5.254 
57.425 
32.438 
14.051 
37.688 
35.654 
27.942 
14.380 
13.748 
4.079 
19.278 
14.382 
17.793 
48.002 
31.458 
76.847 
52.816 
1.390 
32.426 
8.983 
2.463 
16.793 
21.209 
18.408 
3.889 
28.820 
0.031 
37.815 
23.175 
9.712 
0.844 
85.454 
45.981 
15.413 
6.036 
29.098 
21.576 
23.828 
11.632 
21.430 
1.959 
48.460 
16.119 
24.632 
8.959 