15.240 
20.262 
2.380 
25.057 
6.828 
8.727 
0.543 
10.642 
13.484 
0.537 
3.384 
50.537 
18.511 
42.023 
5.780 
21.273 
8.804 
24.779 
1.832 
48.160 
10.314 
36.896 
11.374 
21.309 
12.798 
0.899 
4.406 
7.334 
11.581 
2.457 
8.100 
2.298 
14.953 
29.895 
12.706 
10.665 
49.409 
56.072 
4.266 
15.698 
19.380 
5.882 
17.361 
22.388 
26.749 
9.832 
12.363 
2.901 
41.974 
12.389 
23.281 
34.859 
0.752 
24.358 
19.249 
7.366 
2.418 
23.135 
6.516 
10.874 
13.388 
9.605 
5.139 
33.458 
2.617 
8.148 
16.185 
6.617 
0.712 
25.912 
3.290 
55.117 
2.519 
5.084 
2.256 
0.745 
9.639 
9.076 
20.641 
34.065 
8.971 
30.927 
10.885 
8.343 
12.444 
22.418 
8.221 
21.399 
12.760 
14.772 
22.285 
8.484 
1.872 
13.575 
10.299 
39.264 
15.408 
6.387 
40.347 
12.501 
27.434 
22.726 
9.672 
0.151 
1.041 
14.432 
15.065 
35.388 
8.716 
55.964 
6.064 
8.118 
12.239 
5.621 
11.782 
17.498 
0.834 
7.455 
12.722 
9.489 
8.863 
2.537 
12.486 
9.003 
49.536 
15.492 
1.472 
0.977 
5.815 
6.504 
29.461 
19.967 
15.466 
16.475 
31.424 
37.901 
56.592 
4.822 
17.615 
6.631 
1.835 
17.089 
9.653 
7.100 
16.669 
3.715 
1.110 
3.998 
14.136 
3.826 
5.752 
20.809 
17.915 
3.638 
3.843 
22.693 
11.992 
4.500 
27.466 
4.490 
4.744 
35.337 
30.410 
29.404 
27.283 
5.642 
7.655 
10.721 
19.464 
9.898 
5.088 
5.465 
9.216 
18.791 
0.526 
12.067 
0.400 
17.913 
4.309 
114.426 
7.689 
30.165 
0.171 
9.819 
13.089 
36.682 
18.537 
10.826 
31.757 
13.650 
3.311 
14.229 
7.470 
4.181 
6.152 
5.729 
31.840 
12.615 
4.204 
3.886 
10.013 
19.800 
28.762 
11.702 
0.181 
20.393 
12.884 
29.900 
17.526 
14.309 
3.055 
5.619 
16.767 
37.931 
3.398 
2.901 
17.371 
14.619 
8.200 
15.401 
11.310 
6.025 
6.099 
6.801 
8.013 
6.885 
13.587 
32.216 
5.493 
5.259 
25.311 
2.611 
21.175 
22.725 
4.712 
20.738 
33.359 
43.940 
6.870 
6.932 
12.065 
14.026 
40.609 
33.197 
20.854 
0.130 
15.661 
76.825 
38.092 
60.375 
3.729 
0.628 
16.051 
15.609 
1.860 
33.682 
33.561 
0.729 
40.125 
19.081 
19.681 
7.014 
19.012 
0.501 
6.726 
15.607 
30.935 
10.424 
23.731 
0.299 
7.124 
4.759 
6.188 
1.178 
10.643 
27.739 
0.580 
21.927 
5.477 
19.803 
11.279 
33.981 
8.134 
9.816 
87.463 
4.289 
1.874 
19.209 
3.646 
25.277 
13.024 
7.190 
27.926 
17.894 
21.722 
3.649 
9.165 
14.498 
9.010 
4.540 