10.160 
13.508 
1.586 
16.705 
4.552 
5.818 
0.362 
7.095 
8.989 
0.358 
2.256 
33.691 
12.340 
28.015 
3.853 
14.182 
5.869 
16.519 
1.221 
32.107 
6.876 
24.597 
7.583 
14.206 
8.532 
0.600 
2.937 
4.889 
7.721 
1.638 
5.400 
1.532 
9.969 
19.930 
8.470 
7.110 
32.939 
37.381 
2.844 
10.466 
12.920 
3.921 
11.574 
14.925 
17.833 
6.555 
8.242 
1.934 
27.983 
8.259 
15.521 
23.239 
0.502 
16.238 
12.832 
4.911 
1.612 
15.423 
4.344 
7.250 
8.925 
6.403 
3.426 
22.305 
1.745 
5.432 
10.790 
4.411 
0.475 
17.275 
2.193 
36.744 
1.679 
3.389 
1.504 
0.496 
6.426 
6.051 
13.760 
22.710 
5.981 
20.618 
7.257 
5.562 
8.296 
14.946 
5.481 
14.266 
8.506 
9.848 
14.857 
5.656 
1.248 
9.050 
6.866 
26.176 
10.272 
4.258 
26.898 
8.334 
18.290 
15.151 
6.448 
0.100 
0.694 
9.621 
10.043 
23.592 
5.811 
37.309 
4.043 
5.412 
8.159 
3.747 
7.855 
11.665 
0.556 
4.970 
8.482 
6.326 
5.909 
1.691 
8.324 
6.002 
33.024 
10.328 
0.981 
0.651 
3.877 
4.336 
19.641 
13.311 
10.311 
10.983 
20.949 
25.267 
37.728 
3.214 
11.744 
4.421 
1.223 
11.393 
6.435 
4.733 
11.113 
2.477 
0.740 
2.665 
9.424 
2.551 
3.835 
13.873 
11.943 
2.425 
2.562 
15.129 
7.995 
3.000 
18.311 
2.993 
3.162 
23.558 
20.274 
19.603 
18.189 
3.761 
5.104 
7.148 
12.976 
6.599 
3.392 
3.643 
6.144 
12.528 
0.351 
8.044 
0.266 
11.942 
2.873 
76.284 
5.126 
20.110 
0.114 
6.546 
8.726 
24.455 
12.358 
7.217 
21.171 
9.100 
2.208 
9.486 
4.980 
2.787 
4.102 
3.819 
21.227 
8.410 
2.803 
2.591 
6.675 
13.200 
19.175 
7.801 
0.121 
13.595 
8.589 
19.933 
11.684 
9.539 
2.037 
3.746 
11.178 
25.288 
2.265 
1.934 
11.581 
9.746 
5.466 
10.267 
7.540 
4.016 
4.066 
4.534 
5.342 
4.590 
9.058 
21.477 
3.662 
3.506 
16.874 
1.740 
14.117 
15.150 
3.141 
13.825 
22.239 
29.293 
4.580 
4.621 
8.043 
9.351 
27.073 
22.131 
13.903 
0.087 
10.441 
51.216 
25.395 
40.250 
2.486 
0.418 
10.701 
10.406 
1.240 
22.454 
22.374 
0.486 
26.750 
12.721 
13.121 
4.676 
12.675 
0.334 
4.484 
10.404 
20.623 
6.949 
15.821 
0.200 
4.749 
3.172 
4.125 
0.785 
7.095 
18.493 
0.387 
14.618 
3.651 
13.202 
7.520 
22.654 
5.423 
6.544 
58.309 
2.859 
1.249 
12.806 
2.431 
16.852 
8.682 
4.793 
18.618 
11.929 
14.481 
2.432 
6.110 
9.665 
6.007 
3.026 