23.858 
9.536 
2.397 
7.597 
13.630 
4.384 
3.936 
3.637 
9.539 
34.879 
1.801 
0.844 
6.604 
10.283 
15.847 
6.015 
0.102 
45.125 
0.494 
5.717 
3.249 
7.275 
4.280 
24.111 
8.471 
1.895 
19.723 
27.434 
2.578 
6.778 
14.256 
9.297 
5.791 
15.673 
0.872 
17.318 
6.868 
18.198 
19.103 
2.725 
9.514 
1.320 
1.832 
8.646 
20.592 
7.676 
3.899 
1.510 
1.241 
8.924 
3.891 
4.940 
5.760 
5.501 
7.236 
0.690 
0.505 
4.872 
15.329 
4.010 
21.526 
2.714 
34.657 
3.917 
3.065 
9.160 
0.271 
1.636 
15.850 
16.911 
8.620 
10.159 
2.592 
22.304 
9.310 
6.716 
7.885 
5.488 
0.861 
4.761 
0.808 
20.673 
3.759 
23.791 
3.590 
0.138 
9.034 
6.154 
1.434 
17.485 
5.192 
0.917 
4.673 
6.526 
17.151 
20.613 
13.729 
3.650 
3.532 
31.206 
0.338 
5.472 
3.465 
9.102 
5.211 
18.582 
10.980 
2.585 
3.785 
3.726 
35.377 
3.869 
0.775 
14.523 
9.583 
6.642 
9.691 
2.491 
3.954 
5.364 
22.692 
0.638 
6.120 
22.695 
1.685 
5.184 
7.643 
15.424 
5.298 
1.603 
5.535 
4.078 
17.802 
0.839 
2.018 
0.835 
14.100 
0.730 
2.122 
4.074 
13.383 
51.418 
21.207 
5.444 
4.544 
3.809 
1.211 
4.224 
7.802 
4.848 
21.256 
0.736 
36.023 
1.270 
5.056 
11.569 
5.649 
24.622 
2.645 
0.414 
16.670 
4.560 
1.140 
0.910 
3.638 
4.748 
23.168 
18.546 
5.454 
1.116 
11.108 
7.916 
3.210 
31.800 
10.997 
8.207 
4.358 
7.381 
14.058 
3.215 
6.876 
0.794 
23.236 
4.874 
6.636 
9.192 
4.564 
7.078 
4.298 
10.297 
30.010 
20.158 
8.758 
3.493 
1.917 
7.151 
14.822 
3.825 
8.364 
11.390 
1.530 
0.856 
5.429 
13.194 
1.720 
7.555 
1.713 
0.436 
5.866 
6.016 
19.720 
12.604 
3.143 
0.520 
6.324 
4.491 
3.282 
10.925 
2.593 
7.384 
15.846 
1.115 
11.479 
0.708 
6.331 
2.431 
13.200 
12.298 
32.321 
0.862 
15.185 
2.526 
2.034 
8.654 
4.550 
22.042 
5.827 
17.749 
0.507 
5.488 
1.941 
1.869 
17.868 
15.891 
29.360 
4.719 
1.935 
15.344 
10.198 
26.243 
7.062 
0.816 
7.306 
5.305 
6.164 
10.604 
3.128 
5.529 
1.421 
3.900 
16.606 
0.991 
7.727 
29.885 
5.808 
15.971 
1.991 
1.529 
1.117 
10.459 
0.450 
18.491 
1.145 
11.916 
4.014 
2.735 
29.739 
5.920 
41.553 
4.602 
7.414 
6.408 
6.940 
7.880 
1.318 
9.166 
2.182 
2.402 
18.161 
3.482 
15.414 
10.087 
12.787 
1.047 
4.090 
2.918 
5.181 
4.266 
2.222 
13.444