3.080598900755204
3.8858154034754775
3.3119803109342767
15.81100322749491
13.708384438977033
6.909481595001547
11.788609152370135
3.59479594971645
6.45609911421099
0.23285174086358665
14.477299423582735
29.19534097569461
4.706240807046686
2.1657142681372625
2.9072247955515222
9.961483594798093
15.334524319878028
6.147215298560939
6.917662457520433
6.993201194016423
3.5883694563505255
4.861916144572341
7.219169588408838
0.7475854953777326
7.5166078243687595
7.614808110535908
13.451604099196313
23.429096850060034
4.537302822387504
6.882002867593235
15.051926727283785
0.8063710443418949
7.585568548800086
16.315285473874354
9.034329290286792
12.08086438860664
12.023017523204896
8.094492653966547
17.372852285198995
12.672765054055638
11.437063856325558
7.189704805759219
1.7379243742359212
8.52250921355948
8.989468012256472
1.8100745695460168
3.6465900216840756
11.040982613800901
3.689464753903196
2.1586280799721314
8.012538729191084
12.319832083543156
17.649446581529276
6.553445443574364
21.60868556955559
2.5189543219186556
0.6827553053307197
6.419442714908859
10.18069407708832
7.841565868982134
1.5234013499752983
2.79066140535635
5.373651263962645
26.492054885614206
23.380311304925137
16.290628454982027
3.3466904233122667
36.13805832214439
12.960465317295004
1.4262638519007398
4.085197463090655
24.15973587294141
18.532315396817793
12.784641230199668
3.1856145311199717
13.899045682160587
11.790957924089366
4.158506409780192
4.092133593057667
3.2767655388297614
42.11040294834472
4.698172699488559
3.1851715967490994
13.26674069628292
29.54425773268676
5.762934916368731
6.481739660068672
3.972668261135016
7.058540081694386
22.712768998043796
17.50139377012863
0.4307961421360118
3.1981283267181784
2.8664267541630375
1.6016721919787393
7.871771443696885
2.465836910259453
16.587304795766787
16.745695903849168
12.396458335058298
2.1662327337946423
19.79089950248252
3.1431588820633922
15.4567448978243
29.013249234632962
12.550709676628674
13.723239726502301
10.218349745896987
0.07252046708650525
11.465437540066493
0.2675117579501918
3.0935247825125542
11.89195864498807
5.662693689619645
13.420019743813807
1.3106947295178595
7.341768139627599
8.63883508785048
0.7800327639052153
33.1374650605831
18.23447951713155
11.606581440477399
25.63670361964306
0.8839698951789577
6.6180861725887015
0.16213778696972458
11.000720021136857
2.983910901742453
0.5179174469383925
12.847414203152894
5.796632393663598
4.6440315904416085
22.29272106155337
8.534237419514028
3.282934840647088
0.48472472579574233
23.378602418568633
3.6539521885723145
9.558318061326968
3.410399707599266
1.8431621802862084
6.546016162432353
4.74526281018608
2.4112217677993417
3.959525971583154
5.147346786280238
2.0401273787534806
8.564005654256459
5.317146631879136
1.0783398836477298
27.603841753212404
5.204290922888945
16.19989553886748
30.69597238662814
8.671853126116877
6.4642600876095395
3.9669937772159236
35.274984288621205
8.014439821128066
11.618248779113566
17.20036652208705
8.321253955842293
16.42351191593899
8.290217595693202
3.944940834183654
2.606462188856409
12.291229401618546
3.094406499037141
20.548865410628213
9.372434225796544
5.8732431923935255
10.143781697861563
2.239078105898126
6.070096953558836
11.674690531031768
5.325100347198177
8.596726138170101
26.569339217836724
12.038292067046232
1.148411365842342
3.331965403418938
0.7484093506611883
0.7541084639572011
4.129291397815965
13.4179332468536
9.533450014787201
40.739265975877196
20.517113845889206
2.5597317453730604
5.713202085296563
4.293356006731421
6.384551327149652
2.4387075642133444
32.14344294081108
3.5733954317137924
16.493837056576027
9.853122402139022
11.164615124730854
15.747084054164123
17.623280143987863
2.7711150653509717
13.586025634331776
2.525969695770957
10.180210448974659
10.494176752280154
4.75996224600546
3.303941177878708
4.964494557184719
6.139415076488769
16.094105822826876
5.605742669389528
13.285412676922057
8.910563665051825
4.957577049093454
17.154610958786787
24.671888529589808
6.06106921217683
7.343166001231001
3.856006044866658
5.688979556498443
3.2475207610526877
6.873384052507658
15.094363845735192
2.4184828556328704
23.855712638612427
3.045614522289187
2.2516908055802483
8.639091595346715
11.040673859304983
4.264331949755875
30.11095063013834
7.17181999633732
15.877335978403805
4.535687488956141
32.89167428736813
7.389559810498796
0.015838799897830255
16.725844066530154
3.5390038013653395
7.721989134348538
2.3859535150278326
3.024228052954511
6.304987993902057
3.9877038012875934
6.734097739066577
11.477713877221253
3.2339265785724507
9.20198682146484
6.825675822221478
0.21924589389193147
0.7275254189126327
41.6796839655404
5.671233470447697
2.9557141459354606
9.475526930701147
8.342392112242283
2.1916610166178283
24.7792302622404
9.245861653770865
0.9806198131406065
8.290852449481978
1.381387219815379
6.974456641773657
9.792350464124052
2.810734892365633
9.327657297485716
1.7779808796340053
41.01253474332631
3.100589175945856
2.9825747202145534
31.33638501258063
5.439097337834658
3.0527250074914085
1.7710490512296981
0.39831492720187917
11.964094357448715
20.18340387561538
14.91486251549014
21.844315195564295
1.1423464557931435
2.4853144114470496
6.243744373326029
13.120080508510021
2.257664850985534
2.1582621325702362
7.476381009716003
13.657503821447307
2.2449364595756065
22.84687685596549
5.244108129403111
11.706046758251148
4.814484343759345
13.122367125092673
4.105898389158761
1.2393455905462307
6.262001190934396
36.558300354550944
12.364532861673753
4.675917624036719
2.219305761300193
