5.905213250868382
7.463155998128128
4.101033589825895
3.990246287398455
5.547022310206574
27.32924102820469
4.786502374760392
8.342345329244928
6.276190778591055
4.749323001862563
12.21606859409045
2.21709141671451
2.55652800096744
1.3618058336845928
10.096947624924018
4.628137214168196
3.759832877946763
1.352570026443838
6.5679396693171
5.432675220037337
1.1097958278500002
1.3190335629036058
3.3410672472054963
7.57484183938769
4.011666601538909
3.28196081280606
15.184948289815148
2.3707424135985886
1.9573383854474322
3.088486107654127
2.131215265265401
1.1712222375422423
11.45624577767582
4.149978505679966
16.978664912944787
4.063666621248105
1.0583202301479495
2.9392672666107695
10.807099872447127
12.723015133094615
1.0779032223600788
2.449231798034047
9.449334782941976
2.1738730653233813
0.36216051575943975
0.9617419856051491
1.292572441301613
9.366311554628492
3.985126599380515
6.369493192355243
7.990641114035347
0.291452932171683
2.012413681450874
2.762098299626933
2.206237338667986
8.262506801582916
1.8687077277644117
14.035117737958481
2.7056627863979363
1.3310477410212793
15.69915071467602
0.5839288765873127
0.5944517775646446
32.4905927587263
0.3595841399145136
3.3551695712746206
6.249296083670377
3.4981734518637424
2.3482346069454656
15.06427600800335
7.485405127877974
3.109785875795596
0.6419771332104309
4.634997454324032
0.37714544581478215
0.11451349173666499
17.167676122944815
0.7279631623880111
6.082325692835297
2.195500173892272
0.012207569861255825
11.912110465208372
8.27542377123982
1.2985254192740168
5.215556928392611
0.44872363336850873
7.485147369945178
2.0153108733080956
2.3597605249137557
7.587225850858731
1.456293054657661
13.36945009337805
9.416107661144652
8.634438521351013
10.281096125254075
3.78485385646032
0.3927421939413737
2.677873506580786
4.215751804079605
1.0296360190367218
0.007276559341603754
6.577139895492496
19.550260401955963
3.4850443968213947
2.8851133628546046
4.287553171160677
1.2062628509490427
2.7138058485843093
0.3623251092127852
1.7952346946214448
4.165557973729456
1.6072897197243605
2.7182101490942716
0.3520237773449415
9.846481066437544
13.133290131025296
2.4494921959744427
1.7955709908227562
12.906378967789822
1.9265147095925583
10.949855726781452
8.396405098803065
0.15447300708362696
2.400795911625195
4.304397969317982
5.928790336457499
11.169406059355055
8.397232298603914
4.81126087734116
2.195361241825711
0.7925179729044114
0.2236901081029921
3.2199835575214113
0.3877467449895159
4.264387764359678
19.547647190432475
6.968858439951126
2.757975960547321
6.64922846129618
0.778903093650516
12.578707869022164
2.968950394243953
7.028287433636424
2.8230132318234924
1.8224495330927306
6.032969359322743
12.408827478353723
10.73877842026259
3.584325062889001
1.256649524630396
3.593927697052251
1.6453586960086162
3.010765961165531
8.078831951020778
4.1167931404454405
6.450548369798556
2.6149061084756724
0.9868800898566042
7.5635540649400514
4.906654947632968
4.503565759345451
5.7718716887666535
1.1560012868067786
4.893500881252438
2.1563892793838426
1.2001971322579135
1.9433765685688216
3.2690665428883565
18.02931402623793
0.8864930650117989
4.669944268009468
0.47506349496542966
3.5694603079392357
0.22135216386638043
3.8565542725734017
0.9984735973570739
4.937924405019145
3.77016040930891
1.7295602939123176
1.3768924987554623
1.515515942176486
4.005675274531832
0.4826134776520752
6.032986820565675
11.295142802243367
6.275463300671433
5.32552824698965
0.4258966003939853
9.845049654197599
8.884047003973661
2.220416963687772
2.540988322539887
5.576202279163457
3.775158388996098
7.027642430210927
16.553268928871397
9.943441468144187
15.37527591367375
3.8612447802323766
4.416899472837674
1.7789128709461888
0.7226363942652807
6.308847212804782
6.772320001976862
3.015497338396774
2.4085857119820964
0.9419164567892141
0.8643026976766088
2.1884939637529057
3.608687821738751
6.352352865178384
4.695374488097254
9.905640282201098
1.283548354789629
1.936915343854453
6.512408006684432
1.7726562622556044
1.0520662614365828
11.594020735512796
11.972019021709375
1.232652023851437
3.259149789976621
2.260561874598681
8.793584469323722
0.42073727496199886
8.287718691660515
1.7334328527919125
8.505016762819372
7.773660585132465
21.15945182561465
3.928226271859863
2.6306829167295067
3.4193398704173106
2.159456552692974
5.88166596540758
0.5576731060335294
6.978584832871682
6.811822461384707
3.6133952118289163
4.463845348157021
1.7232361523157096
4.750335472777306
0.36482348414879273
14.34147463261368
19.738196225132562
3.4420583950671073
11.168281503192032
2.1173077237802738
0.9727780205247264
1.1330419467464468
8.75212738124409
3.922499815985978
2.37463988767622
7.234243624369147
6.091193168557872
4.919511072018933
9.556440874084089
1.020882166367397
0.5891907904046734
6.1486859216038185
2.249893538018962
9.902070179435745
5.952200897256138
20.9123939921016
3.608877459412116
0.32199652628161396
0.05490410046562426
4.480264547853792
0.17396817540710505
22.199746957293986
1.1706295521210677
6.106721611463984
9.52132366075731
0.4900451747090851
1.1531591556994536
1.3460882495824475
0.011906715171439063
0.49277656483488247
2.889517795390441
6.083180675677509
9.088378468359883
5.223490369075091
20.27708980606767
4.354963826144166
0.18670571708686987
1.1447405369578667
6.567581747730175
0.4745374837287839
6.009465004500259
5.55405540011838
3.3955328449483884
0.3568358299650661
1.6042355987696824
2.0363292928958527
4.830071689252589
2.213410610255363
1.8753791708326049
3.153162830673519
1.5532130736252705
5.4109643578103235
