16.751607840291612
1.1386915340711135
7.832404670121635
43.93408572373732
12.70482344358743
11.66335193880872
5.95033297487006
11.5129386235191
13.490580362466627
6.127466404908604
26.157045203492977
10.590238741750587
22.024407377346225
4.039069835192747
17.836370780716607
10.651340345465805
10.915963154714575
8.840577681254747
5.561488687492621
7.902751475909575
2.1211338667851347
6.3452082227113005
11.331624645875657
10.992545534390935
1.574267664518588
9.00745822232816
25.357056888525662
2.951085888782847
43.659604708261206
0.21335493976884912
0.8432550039681617
3.4960634974487084
2.2734388743135385
41.60845038415088
24.090135918717674
20.567472330391027
17.608804384224808
13.332260147465083
2.190306828378982
3.905612416004665
53.61511927340449
13.410513474160929
0.5129073562272042
0.0018140869012591937
19.50166893960797
4.417315867672744
10.084202935752565
7.986323794373987
0.39136098709549927
0.81814663072747
2.2478165012625295
5.806857210465244
2.9164296399812337
7.647730755407358
19.91569517191432
4.977662021576563
0.05819457258809611
25.915278978245194
1.9418154835752595
27.022236357522164
12.595581463052524
5.019729325107919
13.873536147968222
8.930758458918477
1.5338898823050626
5.278491842072573
17.690478948348918
17.321412189811966
2.6716814914074742
1.5286475801340742
8.72380026724828
2.903366987642287
7.578074907521767
4.344338297872013
8.348065874841142
4.803645948714359
1.2527825450605288
14.084084598541361
9.049016876251743
2.4469511367907626
0.5271020998984999
5.563104172294639
1.1972669576227133
3.9693914993161514
9.127150562201091
52.58795580016111
4.007552228485721
3.806333945064996
1.4816405282220702
44.65856975200269
4.743182222633622
5.524246590163812
23.355285072428813
14.710073091883276
0.9414397959366402
0.5795988334833115
2.699295566533101
10.07162212157715
3.408542456784551
8.118507271387529
6.643877441000477
26.763540211931645
18.044915065920378
9.96783118403301
0.4186152584540452
8.699119681432075
46.10547946049747
4.608216081966417
11.314284558819498
7.153791341790019
15.049061713895128
1.4483641483076215
2.202448076688903
0.004780704115792118
10.11454794518066
3.669517834808191
0.9625704017583154
0.3188256105655188
4.642919465609439
10.437466823776083
15.186877441799972
11.08914525676268
1.4876276788618166
1.522457650134498
4.062384747987819
17.895672545830287
0.7323864479441942
1.2854574673080483
3.2333998548470415
21.57052305931058
4.820607235059459
0.5125277822236257
14.186881595746053
1.5738015386232262
18.748121529872385
4.583589396172349
8.38656267150096
13.570393667620655
3.6841592614297323
1.8340172527300629
23.313489551006448
22.450430598539505
1.9304738029805957
2.253140360268253
1.9238690102726201
10.188536064588385
2.065786559070248
12.814335598218657
4.07145561709922
19.775490959532807
2.9369367842942053
1.20348832456594
4.484218859965554
0.07714698281229831
10.274715698287679
2.7190901685945876
11.579682485211197
3.9528047068068464
8.76374086493722
19.914797937959754
71.21372299976186
3.526209907800496
1.8755225940309117
1.9428960778855588
3.2335707802448317
4.532800746660658
4.063729232969573
38.014414571299206
3.5928490542748173
21.096989673222012
4.467466452342659
4.50097469400699
3.2056113494864356
14.362507730704282
0.028721074404639366
16.23161292468199
45.24329876091936
52.045684247687774
35.9929708456284
19.575893442402034
30.917693963511446
2.3880954758605593
6.66264207637099
10.899043442634573
30.05722980505606
32.12094930606193
47.02092927232294
0.7978341091173445
3.3713446864303296
3.467533570042137
2.32323942138044
13.510925333641202
3.0291189765800812
9.38132854385487
14.383528151264489
5.459689828772568
4.055827704673556
2.4149213450230222
4.213477568233577
7.78710340205577
0.5901516298205173
4.803524524718865
5.54299008300593
5.03860372469937
11.313877918947348
37.0784166919384
2.343433486333802
1.7378373561679255
5.11862265911932
2.2669122571524705
13.432717816980427
4.684282996339718
11.139131032001435
23.54390812850332
2.4662810005925233
0.0018743494123722138
6.395795268133543
12.057757836359938
7.18691006396379
11.78092640369255
21.02055623127971
0.5603307391790019
10.49897044267159
62.49518606374912
0.08893343778911056
8.472759029035727
13.079470078064793
5.664708304712411
3.6319879923128364
0.2524415810733688
7.500423536728917
0.10095528012402662
15.805800170867839
23.795571838142035
8.621468895815765
21.41663184507214
9.506908530942496
1.8396164268560011
0.638171720778626
19.64196807256003
21.817108193472688
20.126509866002195
20.982892784875624
9.2749120861802
0.7320077529514837
4.93355302276994
12.70525448222375
33.0379408680793
3.2262784461788043
3.743980123503672
0.04329902089838417
9.410879903835697
50.31132730883539
0.7378200305042513
4.951310219833405
10.49994924464539
5.442093443373911
9.233484642374254
20.20187984284507
23.743819040961938
4.769435885785684
1.6554884978199076
2.993727440630073
0.6484761117878475
1.23656906431354
12.593286791129136
21.81914269471131
15.734682742149806
21.257242407601918
3.482472382339431
3.6304605778809536
9.799375246360361
7.6713664560431045
0.45215318895716017
2.0103395021214197
16.64136703852535
9.659260253937877
7.443130022435226
24.80976666434342
8.585439978458897
0.21737738836128456
4.667480504878314
2.4919061909752487
0.465578016613913
12.057758162798565
2.3560569097892805
14.105882043966607
11.612056334773163
28.820002194843184
1.5676627688263387
3.5716846108535667
0.2442542892454674
0.7031128931958398
11.152890618538445
24.089000017364867
12.414003303304902
11.055631099603955
10.48414129035397
10.156507090805205
2.752840805953768
