5.362389223011456
0.520323235899418
19.09512902637204
14.08498818763814
24.585857551975305
8.893501539243816
3.0945578960083364
0.5141694498699657
3.4747605429547614
4.711885916772738
11.753382611439445
0.48942018256083275
6.126685080048916
11.06903004344326
12.446051276379007
33.816388319377154
5.362033073499457
0.4185293034685922
20.65872949433887
5.753751716203829
20.02138167576808
2.4662898479942887
7.143830536384933
10.827829078603992
5.447417044775858
6.270082949339418
5.416456331943829
7.5509804984886255
0.7432682082982096
11.706306206298484
19.316605305826066
12.718289049323849
14.370688177178444
28.969388392209375
17.749568527403408
7.396260790532141
11.02492146069292
9.965802696019871
7.957241639881909
20.971960835940784
18.227266445366
9.378300839341767
12.464301774516114
13.311098096880297
1.6426955410315063
0.9070545756802422
13.610870310894862
4.359841146741293
10.11650226281866
17.474300168718962
6.533951193974213
2.3859749496846643
6.311789054978223
30.300667853501064
6.085807040483507
3.2049083606626656
1.1818005343150173
20.799648128581783
7.3881097255853945
5.27894913046349
5.872984557851425
0.09779735369916001
11.053732945101283
9.495853835115032
0.9587142601224281
0.1503879299854007
1.5406986251172599
7.549798623389687
22.535712147076648
6.996702265544165
5.127450685730535
0.9741657934026203
11.080717791698886
6.943328926833991
20.110509323536984
15.277579647043856
20.751878747077807
3.3986350563200833
4.47831858608997
5.6985843182833325
8.254132718314189
14.413490576151721
11.926773904699662
12.700594667435363
44.597872440202366
0.9233234388937255
25.031220999675465
31.676362975839076
5.4704971531658
23.228025172214814
12.054142873951243
6.923938306213813
5.51786726370871
5.0756903313992225
2.9803133203331136
3.815527162487988
5.293248610250999
21.026959665989327
4.775349968319049
3.3353528957242733
10.912778940395274
27.437394259763554
2.3923281567065517
7.676600612274419
14.145187954168222
23.71747278627518
0.24378222798291077
1.0514527675565788
4.094066569821901
2.8655590651567446
15.610603587570067
3.2431468924070814
18.361831406192767
5.446649195424364
2.8532498430227258
4.3935866092889535
10.784046508743025
10.10622565116017
3.0949392799093296
27.134659618869158
11.92381591267795
4.697300885367162
4.311071210572479
1.5249680844499283
2.883874705050826
17.876645740729572
11.597777680743816
1.2292215689173733
2.6930194467187816
3.9272259819364264
12.229293012827013
2.7348817971475534
23.337695059333132
16.159292240433345
1.578247472926952
2.5884545131642813
2.8601920244256216
21.793263422868698
4.1471773097207505
2.120509528859959
34.96119964885777
2.68162417377313
3.199608517569173
5.9313120311363905
6.978331261007608
1.7019387411201063
6.915488351636126
12.999753408873133
8.607182057583078
11.926368139348893
3.588141073200965
9.938643988173634
3.379315097517841
3.9144151156380054
1.4190590421604132
1.718556113623557
3.162599023535125
3.6911434643237526
5.809140420811244
11.909006188049965
55.545406492920534
0.40256832413807087
0.8198699916989259
2.4954655989155747
0.6881547011216947
7.144551461933238
18.395903627111675
4.100303679464762
4.194728900527186
5.914559357138877
28.386232484367802
16.506625772806256
1.0215894671839287
0.2591660882176066
11.49198448233774
23.40019409209039
1.7457479228003334
1.7236463384559355
15.446208110074569
15.540249678592403
3.8013859235940806
2.261349047624747
18.165667138845958
2.3288705623994144
4.442388649273843
9.166737087122623
2.403073361591462
7.340109442975458
2.3913348979192652
14.271162217013467
1.062992354459183
2.289658789809691
0.7184307133715545
17.41562756976039
9.582215029894238
15.83472975269284
2.1932553783152993
11.25553776705676
8.497311650550024
24.52702849145947
0.38742052940715627
1.2136590261091127
2.0470504255045228
2.5648028010948645
5.370651278371755
0.631781513813893
9.558015647056141
5.370183626325227
1.5361067874069043
11.800877040833377
3.499282846924254
0.04483902869511689
4.9277599772338245
21.494802773571557
5.448076566338337
3.4431113105591384
16.5579434977899
28.98336335256227
23.840827813701416
3.6146630117357117
0.6571598217375765
4.263645109543518
11.083621264799604
4.033237713150548
35.77690409867715
6.186524187502543
7.530467219439934
5.082823855705016
0.8255173943719367
16.865051597894492
7.824715966352807
10.05400117939491
0.09786659338637066
9.90296888765141
16.97166215573118
9.166261743142616
27.737056362267566
3.718003072249681
4.703734100922593
18.163624068939278
28.730931736616114
3.385207597517409
9.179304790737286
17.906363067376084
5.045601155838734
1.8162965590375846
18.73667637294202
12.803519021500728
1.4401833045129262
16.780859551525804
26.48739838814077
8.574127632160241
13.532558248874048
1.5196721270760973
9.425333426002222
23.975297528924667
5.987365172674161
12.71940755886191
1.3599053396218737
3.473575172530858
0.5904795152281631
2.558629546958625
10.116203292908102
5.978806686994394
2.611562026044102
1.6106880280701752
10.981941042602365
9.237384262352291
5.0976103766951
8.007311282471846
8.413817469323007
8.916500605077465
16.533020430795094
8.16070591679549
7.977421298396444
1.9263479131619041
8.94933349894234
0.1248027382506809
1.0525046178467954
2.2501154270314276
0.606696690717257
48.82148655079087
2.1539917184102633
4.640282902234069
5.754252626938233
2.311662909778796
0.9073779857440623
19.708439244384447
4.21629137517931
12.429305980352105
3.1076709660749393
12.263750238685041
13.885067850565472
27.744361607708555
3.4423322310916133
17.876654166414472
1.0576911045682524
2.805367607202645
4.093892659089037
12.313136801838398
